OVEVO 가습기 (NEC방식)

Auto
unsigned int  rawData[67] = {8950,4400, 650,500, 600,500, 600,550, 600,500, 600,550, 600,500, 600,550, 600,1600, 600,1600, 650,1600, 600,1600, 600,1650, 600,1600, 600,1600, 650,1600, 600,500, 650,1600, 600,500, 600,550, 600,500, 600,550, 600,500, 650,500, 600,500, 600,500, 650,1600, 600,1600, 600,1650, 600,1600, 650,1550, 650,1600, 600,1600, 650};  // NEC 1FE807F

ON/OFF
unsigned int  rawData[67] = {8950,4400, 650,500, 600,500, 600,550, 600,500, 600,550, 600,500, 600,550, 600,1600, 600,1600, 650,1600, 600,1600, 600,1650, 600,1600, 600,1600, 650,1600, 600,500, 600,1650, 600,500, 600,1600, 650,500, 600,500, 650,500, 600,500, 650,500, 600,500, 600,1650, 600,500, 600,1650, 600,1600, 600,1600, 650,1600, 600,1600, 600};  // NEC 1FEA05F

(+)
unsigned int  rawData[67] = {8950,4450, 600,500, 650,450, 650,500, 600,500, 650,500, 600,500, 650,500, 600,1600, 600,1650, 600,1600, 600,1600, 650,1600, 600,1600, 650,1600, 600,1600, 600,500, 650,1600, 600,1600, 600,550, 600,500, 600,550, 600,500, 650,500, 600,500, 650,450, 650,500, 600,1600, 650,1600, 600,1600, 650,1600, 600,1600, 650,1550, 650};  // NEC 1FEC03F

(-)
unsigned int  rawData[67] = {9000,4400, 600,500, 650,500, 600,500, 600,550, 600,500, 600,550, 600,500, 600,1600, 650,1600, 600,1600, 650,1600, 600,1600, 600,1600, 650,1600, 600,1600, 650,500, 600,500, 600,1650, 600,500, 600,550, 600,500, 600,550, 600,500, 650,450, 650,1600, 600,500, 650,1600, 600,1600, 600,1650, 600,1600, 600,1600, 700,1550, 600};  // NEC 1FE40BF

TIMER
unsigned int  rawData[67] = {8950,4400, 600,550, 600,500, 600,500, 650,500, 600,500, 650,500, 600,500, 650,1600, 600,1600, 600,1650, 600,1600, 600,1600, 650,1600, 600,1600, 600,1650, 600,500, 600,550, 600,1600, 600,1600, 650,500, 600,500, 650,500, 600,500, 600,550, 600,1600, 600,550, 600,500, 600,1600, 650,1600, 600,1600, 600,1650, 600,1600, 600};  // NEC 1FE609F

UNLOCK
unsigned int  rawData[67] = {8950,4400, 600,500, 650,500, 600,500, 650,500, 600,500, 650,500, 600,500, 650,1600, 600,1600, 600,1600, 650,1600, 600,1600, 650,1600, 600,1600, 600,1600, 650,500, 600,500, 650,1600, 600,500, 650,500, 600,1600, 600,550, 600,500, 600,500, 650,1600, 600,500, 650,1600, 600,1600, 600,550, 600,1600, 600,1600, 650,1600, 600};  // NEC 1FE48B7

LOCK
unsigned int  rawData[67] = {8950,4400, 600,550, 600,500, 600,550, 600,500, 600,500, 650,500, 600,500, 650,1600, 600,1600, 600,1650, 600,1600, 600,1600, 650,1600, 650,1550, 600,1650, 600,500, 600,550, 600,1600, 600,1600, 650,1600, 600,1600, 650,500, 600,500, 600,550, 600,1600, 600,550, 600,500, 600,550, 600,500, 650,1550, 650,1600, 600,1600, 600};  // NEC 1FE7887

RESET
unsigned int  rawData[67] = {9000,4350, 650,500, 600,500, 650,500, 600,500, 650,500, 600,500, 650,500, 600,1600, 650,1600, 600,1600, 600,1600, 650,1600, 600,1600, 600,1650, 600,1600, 600,500, 650,1600, 600,1600, 600,550, 600,1600, 600,1600, 650,500, 600,500, 650,500, 600,500, 650,500, 600,1600, 600,550, 600,500, 600,1600, 650,1600, 600,1600, 600};  // NEC 1FED827

STERILIZE
unsigned int  rawData[67] = {9000,4400, 650,450, 650,500, 600,500, 650,500, 600,500, 650,500, 600,500, 650,1600, 600,1600, 650,1550, 650,1600, 600,1600, 650,1600, 600,1600, 600,1600, 650,500, 600,500, 650,500, 600,1600, 650,1600, 600,1600, 600,500, 650,500, 600,500, 650,1600, 600,1600, 650,500, 600,500, 650,500, 600,1600, 600,1600, 650,1600, 600};  // NEC 1FE38C7

SLEEP
unsigned int  rawData[67] = {8950,4400, 650,500, 600,500, 650,500, 600,500, 600,550, 600,500, 600,550, 600,1600, 600,1600, 650,1600, 600,1600, 650,1600, 600,1600, 600,1600, 650,1600, 600,500, 650,500, 600,1600, 600,550, 600,1600, 600,1600, 650,500, 600,500, 650,500, 600,1600, 600,550, 600,1600, 600,500, 650,500, 600,1600, 650,1600, 600,1600, 600};  // NEC 1FE58A7

IONIZER
unsigned int  rawData[67] = {9000,4400, 600,500, 600,550, 600,500, 600,550, 600,500, 600,550, 600,500, 600,1600, 650,1600, 600,1600, 600,1650, 600,1600, 600,1600, 650,1600, 600,1600, 600,550, 600,500, 600,500, 650,500, 600,1600, 600,550, 600,500, 650,500, 600,500, 600,1650, 600,1600, 600,1600, 650,500, 600,1600, 600,1650, 600,1600, 600,1600, 650};  // NEC 1FE10EF
