대우LUCMS (PANASONIC 방식)

전원
Power Off
unsigned int  rawData[227] = {3150,1550, 500,1150, 500,1150, 500,350, 500,300, 500,350, 500,1150, 500,300, 550,300, 500,1150, 500,1150, 500,300, 550,1100, 550,300, 500,350, 500,1150, 500,1150, 500,300, 550,1100, 550,1100, 550,300, 500,350, 500,1150, 500,300, 500,350, 500,1150, 500,300, 550,250, 550,300, 550,300, 500,300, 550,300, 500,300, 550,300, 500,300, 550,300, 500,350, 500,300, 500,350, 500,300, 550,300, 500,300, 550,300, 500,300, 550,300, 500,300, 550,1100, 550,300, 500,350, 500,1150, 500,1150, 500,300, 550,300, 500,300, 550,300, 500,300, 550,300, 500,1150, 500,350, 500,1150, 500,1150, 500,300, 550,300, 500,300, 550,300, 500,300, 550,1100, 550,300, 500,300, 550,300, 500,350, 500,300, 500,350, 500,300, 550,300, 500,300, 550,300, 500,300, 550,300, 500,300, 550,300, 500,300, 550,300, 500,300, 550,300, 500,350, 500,300, 500,350, 500,300, 550,300, 500,350, 500,300, 500,300, 550,300, 500,300, 550,300, 500,300, 550,300, 500,350, 500,300, 500,350, 500,300, 500,350, 500,300, 550,300, 550,1100, 500,1150, 500,1150, 500,350, 500,300, 500,350, 500,1150, 500,300, 500};  // PANASONIC C4D3:64800004

Power On
unsigned int  rawData[227] = {3100,1600, 450,1200, 500,1150, 450,350, 500,350, 450,350, 500,1150, 500,350, 500,300, 500,1150, 550,1150, 450,400, 450,1150, 500,350, 450,350, 500,1150, 550,1100, 500,350, 500,1150, 500,1150, 500,350, 450,350, 500,1150, 500,350, 450,400, 450,1150, 500,350, 450,350, 500,350, 500,300, 500,350, 500,300, 550,300, 500,350, 450,350, 500,350, 450,400, 450,350, 450,350, 500,350, 500,300, 500,300, 550,350, 450,1200, 450,350, 500,350, 450,1200, 500,300, 500,350, 450,1200, 450,1200, 450,400, 450,350, 500,350, 450,350, 500,300, 550,300, 500,1150, 500,350, 450,1200, 450,1200, 450,350, 500,350, 500,300, 500,300, 500,350, 500,1150, 500,350, 500,350, 450,400, 450,350, 500,250, 550,300, 550,300, 500,350, 450,400, 450,350, 450,400, 450,350, 450,350, 500,350, 500,300, 500,350, 500,300, 500,350, 500,350, 450,350, 500,350, 450,400, 450,350, 450,400, 450,350, 500,300, 550,300, 500,350, 450,350, 500,350, 450,400, 450,350, 450,350, 500,350, 500,300, 500,350, 500,300, 500,350, 450,1200, 500,1150, 500,350, 450,1150, 500,350, 500,350, 450,1200, 450,400, 450};  // PANASONIC C4D3:64800024


* 운전선택 1번
* * 운전선택 2번
난방 * * 냉방 * 제습 * 송풍 * 난방

냉방기 온도조절 
(18도)
unsigned int  rawData[227] = {3050,1600, 450,1200, 550,1100, 550,300, 450,400, 500,250, 500,1200, 450,400, 450,350, 450,1200, 450,1200, 450,400, 450,1200, 450,350, 550,300, 500,1150, 450,1200, 500,300, 550,1150, 450,1200, 450,350, 450,400, 500,1150, 450,350, 450,400, 500,1150, 500,300, 550,300, 450,350, 550,250, 550,300, 450,400, 500,300, 550,250, 550,300, 550,300, 500,300, 500,350, 450,400, 500,300, 450,400, 500,300, 500,300, 550,1150, 500,300, 450,400, 450,1200, 500,300, 450,400, 450,1200, 500,1150, 500,300, 450,400, 500,300, 550,300, 500,350, 500,300, 500,1150, 500,350, 500,1150, 500,1150, 500,300, 500,350, 500,300, 500,350, 500,1150, 450,350, 550,300, 500,1150, 500,1150, 450,1200, 500,350, 500,300, 500,350, 500,300, 500,350, 500,300, 500,350, 450,350, 500,350, 500,300, 500,350, 500,300, 550,300, 450,350, 450,400, 500,300, 550,300, 500,300, 550,300, 500,300, 550,300, 500,300, 550,300, 500,350, 500,300, 500,350, 500,300, 500,350, 500,300, 500,350, 500,300, 450,400, 500,300, 500,350, 500,300, 550,1100, 550,300, 500,300, 550,300, 500,300, 550,300, 500,1150, 500};  // PANASONIC C4D3:64800024

(19도)
unsigned int  rawData[227] = {3150,1550, 500,1150, 550,1100, 500,350, 500,250, 550,300, 550,1150, 500,300, 500,350, 500,1150, 500,1150, 500,300, 500,1150, 500,300, 550,300, 550,1100, 550,1100, 550,300, 500,1150, 500,1150, 500,350, 500,300, 500,1150, 550,250, 550,300, 500,1150, 500,350, 500,300, 550,250, 550,300, 500,350, 500,300, 550,300, 500,300, 550,300, 500,350, 500,300, 550,250, 550,300, 550,250, 550,300, 500,350, 500,300, 550,1100, 500,350, 500,300, 500,1150, 550,250, 550,300, 500,1150, 550,1100, 500,350, 500,300, 550,300, 500,300, 550,300, 500,300, 550,250, 550,350, 500,1150, 500,1150, 500,300, 500,300, 550,300, 500,350, 500,1150, 500,300, 500,350, 500,1150, 500,1150, 500,1150, 500,300, 550,300, 500,350, 500,300, 500,300, 500,350, 500,350, 500,300, 500,350, 500,300, 500,350, 450,350, 500,350, 500,300, 500,350, 500,300, 500,350, 500,300, 500,350, 500,300, 500,350, 500,300, 500,350, 500,300, 500,350, 500,300, 550,300, 500,350, 450,350, 500,350, 500,300, 500,350, 500,300, 500,350, 500,1150, 450,350, 500,350, 500,300, 500,350, 450,350, 500,350, 450,1200, 500};  // PANASONIC C4D3:64800024

(20도)
unsigned int  rawData[227] = {3100,1550, 500,1150, 550,1100, 550,300, 500,350, 500,300, 500,1150, 500,350, 500,250, 550,1150, 500,1150, 500,350, 500,1150, 500,350, 450,350, 500,1150, 500,1150, 500,300, 550,1100, 550,1100, 550,300, 500,350, 500,1150, 500,300, 500,350, 500,1150, 500,300, 500,350, 500,300, 500,350, 500,300, 550,300, 500,300, 500,350, 500,300, 550,300, 500,300, 550,300, 550,250, 550,300, 550,250, 550,300, 550,250, 550,1150, 500,300, 500,350, 500,1150, 500,300, 500,350, 500,1150, 500,1150, 500,300, 500,350, 500,300, 550,300, 500,300, 550,300, 500,1150, 500,1150, 500,300, 550,1150, 500,300, 500,350, 500,300, 500,350, 500,1150, 500,300, 500,350, 500,1150, 500,1150, 500,1150, 500,300, 550,300, 500,300, 550,300, 500,300, 550,300, 500,350, 500,300, 500,350, 500,300, 500,350, 500,350, 450,350, 500,300, 500,350, 500,250, 550,350, 500,300, 500,350, 500,300, 550,300, 500,300, 550,300, 500,300, 550,300, 500,300, 550,300, 500,300, 550,300, 500,300, 550,300, 500,300, 550,300, 500,350, 500,300, 500,350, 500,300, 500,350, 500,300, 500,350, 500,300, 500,1150, 550};  // PANASONIC C4D3:64800024

(21도)
unsigned int  rawData[227] = {3150,1550, 500,1150, 500,1150, 500,350, 500,300, 500,350, 500,1150, 500,300, 500,350, 500,1150, 500,1150, 500,300, 500,1150, 500,350, 500,300, 500,1150, 550,1100, 550,300, 550,1100, 500,1150, 500,350, 500,300, 550,1100, 500,350, 500,300, 500,1150, 500,350, 500,300, 500,350, 500,350, 450,350, 500,300, 500,350, 500,350, 500,250, 550,300, 550,300, 550,250, 550,300, 500,350, 500,300, 550,250, 550,300, 500,1150, 550,250, 550,300, 550,1100, 550,250, 550,300, 500,1150, 500,1150, 550,300, 550,250, 550,300, 550,250, 550,300, 500,350, 500,300, 500,1150, 500,350, 500,1150, 500,300, 500,350, 500,300, 500,350, 550,1100, 500,300, 500,350, 550,1100, 500,1150, 500,1150, 500,300, 550,300, 500,300, 550,300, 500,350, 550,200, 550,350, 500,300, 550,250, 550,300, 500,350, 500,300, 500,350, 500,300, 500,350, 500,300, 500,350, 500,300, 500,350, 500,300, 500,300, 550,300, 500,350, 500,300, 550,300, 500,300, 550,300, 500,350, 500,300, 500,350, 500,300, 500,350, 500,300, 500,350, 500,1150, 500,1150, 500,1150, 500,1150, 500,1150, 500,1150, 500,1150, 500,300, 550};  // PANASONIC C4D3:64800024

(22도)
unsigned int  rawData[227] = {3100,1550, 500,1150, 500,1150, 550,300, 500,300, 550,300, 500,1150, 500,350, 500,300, 500,1150, 500,1150, 550,250, 550,1150, 500,300, 500,350, 500,1150, 500,1150, 500,300, 550,1100, 550,1100, 550,300, 500,350, 500,1150, 500,300, 500,350, 500,1150, 500,300, 500,350, 500,300, 500,350, 500,300, 500,350, 500,300, 500,350, 500,300, 500,350, 500,300, 550,300, 500,300, 550,300, 500,300, 550,300, 500,350, 500,1150, 500,300, 500,350, 500,1150, 500,300, 500,350, 500,1150, 500,1150, 500,300, 500,350, 500,300, 500,350, 500,300, 550,300, 500,1150, 500,350, 500,300, 500,1150, 500,350, 500,300, 500,350, 500,300, 500,1150, 500,350, 500,300, 500,1150, 500,1150, 500,1150, 550,300, 500,300, 550,300, 500,300, 550,300, 500,350, 500,300, 500,350, 500,300, 500,350, 500,300, 500,350, 500,300, 500,350, 500,300, 500,350, 500,300, 500,350, 500,300, 500,350, 500,300, 500,350, 500,300, 550,300, 500,300, 550,300, 500,300, 550,300, 500,350, 500,300, 500,350, 500,300, 500,350, 500,300, 500,350, 500,1150, 500,1150, 500,1150, 500,1150, 500,1150, 500,1150, 500,300, 550};  // PANASONIC C4D3:64800024
(23도)
unsigned int  rawData[227] = {3150,1550, 500,1150, 500,1150, 500,300, 550,300, 500,350, 500,1150, 500,300, 550,300, 500,1150, 500,1150, 500,300, 550,1100, 550,300, 500,350, 500,1150, 500,1150, 500,250, 600,1100, 550,1100, 550,300, 500,300, 550,1100, 550,300, 500,350, 500,1150, 500,300, 550,300, 500,300, 550,300, 500,300, 550,300, 500,300, 550,300, 500,350, 500,300, 500,350, 500,300, 500,350, 500,300, 500,350, 500,300, 550,300, 500,1150, 500,300, 550,300, 500,1150, 500,350, 500,300, 500,1150, 550,1100, 550,300, 500,300, 550,300, 500,300, 550,300, 500,300, 550,300, 500,300, 550,300, 500,1150, 500,350, 500,300, 550,300, 500,300, 550,300, 500,1150, 500,300, 550,300, 500,350, 500,300, 500,350, 500,300, 500,350, 500,300, 500,350, 500,300, 550,300, 500,300, 550,300, 500,300, 550,300, 500,300, 550,300, 500,350, 500,300, 500,350, 500,300, 500,350, 500,300, 550,300, 500,300, 550,300, 500,300, 550,300, 500,300, 550,300, 500,300, 550,250, 550,350, 500,300, 500,350, 500,300, 500,350, 500,300, 550,300, 500,1150, 500,1150, 500,300, 550,300, 500,300, 550,1150, 500,300, 500};  // PANASONIC C4D3:64800024
(24도)
unsigned int  rawData[227] = {3050,1600, 550,1100, 500,1150, 500,350, 550,300, 500,300, 550,1100, 550,250, 550,250, 600,1100, 450,1200, 500,350, 450,1200, 550,300, 500,300, 550,1100, 550,1100, 450,400, 450,1200, 450,1200, 550,200, 600,300, 550,1100, 550,300, 500,300, 550,1100, 450,400, 500,250, 600,300, 550,250, 550,300, 450,350, 500,350, 550,250, 550,300, 550,300, 500,300, 550,300, 500,300, 550,300, 500,300, 550,300, 450,350, 450,1200, 550,300, 550,250, 550,1100, 550,250, 600,300, 500,1150, 450,1200, 500,300, 550,300, 500,250, 600,250, 600,200, 600,350, 500,1100, 550,1100, 450,1200, 500,350, 500,300, 550,300, 500,300, 450,400, 450,350, 550,1100, 550,300, 550,300, 500,300, 500,350, 500,300, 550,300, 500,300, 550,300, 500,300, 450,400, 550,250, 550,300, 500,300, 550,300, 500,300, 550,300, 550,300, 500,300, 550,300, 500,300, 500,350, 450,350, 500,300, 550,300, 500,350, 500,300, 500,350, 450,350, 500,350, 550,300, 500,300, 550,300, 500,300, 500,300, 550,300, 550,300, 500,300, 550,300, 500,1150, 450,350, 500,1150, 550,300, 550,200, 600,300, 450,1200, 550,300, 500};  // PANASONIC C4D3:64800024
(25도)
unsigned int  rawData[227] = {3100,1550, 550,1150, 500,1150, 500,300, 500,350, 500,300, 500,1150, 500,350, 500,300, 500,1150, 500,1150, 500,350, 500,1150, 500,300, 550,300, 500,1150, 500,1150, 500,350, 500,1150, 500,1150, 500,300, 500,350, 500,1150, 500,300, 500,350, 500,1150, 500,300, 500,350, 500,300, 550,300, 500,300, 550,300, 500,300, 550,300, 500,350, 500,300, 500,350, 500,250, 550,350, 500,300, 500,350, 500,250, 550,350, 500,1150, 500,300, 500,350, 500,1150, 500,300, 550,300, 500,1150, 500,1150, 500,350, 500,300, 500,350, 500,300, 500,350, 500,300, 500,350, 500,1150, 500,1150, 500,300, 500,350, 500,300, 500,350, 500,300, 500,1150, 550,300, 500,300, 550,1100, 550,1150, 500,1150, 500,250, 550,350, 500,300, 500,350, 500,300, 500,300, 550,300, 500,350, 500,300, 500,300, 550,300, 500,350, 500,300, 550,300, 500,300, 550,300, 500,350, 500,300, 500,350, 500,300, 500,350, 500,300, 500,350, 500,300, 500,350, 500,300, 500,350, 500,300, 500,350, 500,300, 500,350, 500,300, 500,350, 500,300, 500,1150, 500,1150, 550,300, 500,1150, 500,1150, 500,1150, 500,1150, 500,350, 500};  // PANASONIC C4D3:64800024
(26도)
unsigned int  rawData[227] = {3100,1550, 500,1150, 550,1100, 550,300, 500,300, 550,300, 500,1150, 500,350, 500,300, 500,1150, 500,1150, 550,300, 500,1150, 500,300, 550,300, 500,1150, 500,1150, 550,300, 500,1150, 500,1150, 500,300, 550,300, 500,1150, 500,300, 550,300, 500,1150, 500,300, 550,300, 500,350, 500,300, 500,350, 500,300, 550,300, 550,300, 500,300, 500,300, 550,300, 500,300, 550,300, 500,300, 550,300, 500,350, 500,300, 500,1150, 500,350, 500,300, 500,1150, 550,300, 500,300, 550,1100, 550,1100, 550,300, 500,350, 500,300, 500,350, 500,300, 500,350, 500,1150, 500,300, 550,1100, 550,300, 500,300, 550,300, 500,300, 550,250, 550,350, 500,1150, 500,300, 500,350, 500,300, 550,300, 500,300, 550,300, 500,300, 550,300, 500,300, 550,300, 500,300, 550,300, 500,350, 500,300, 500,350, 500,300, 500,350, 500,300, 550,300, 500,350, 500,300, 500,300, 550,300, 500,300, 550,300, 500,300, 550,250, 550,300, 550,300, 500,350, 500,300, 500,350, 500,300, 550,300, 500,300, 550,300, 500,300, 550,300, 500,1150, 500,1150, 500,350, 500,300, 500,350, 500,300, 550,1100, 550,300, 500};  // PANASONIC C4D3:64800024

(27도)
unsigned int  rawData[227] = {3150,1500, 550,1100, 550,1150, 500,300, 500,350, 500,300, 550,1100, 550,300, 550,250, 550,1100, 550,1100, 550,300, 500,1150, 500,350, 500,300, 500,1150, 550,1100, 550,300, 500,1150, 500,1150, 550,300, 500,300, 500,1150, 500,350, 500,300, 550,1100, 550,300, 500,300, 550,300, 500,300, 550,300, 500,300, 600,250, 500,300, 550,300, 500,350, 500,300, 500,350, 500,300, 550,300, 500,350, 500,300, 500,300, 550,1100, 550,300, 500,300, 550,1100, 550,300, 500,350, 500,1150, 500,1150, 500,300, 550,300, 500,300, 550,300, 500,300, 550,300, 500,300, 550,300, 500,1150, 500,350, 500,300, 550,300, 500,300, 550,300, 500,300, 600,1050, 550,300, 500,300, 550,300, 500,350, 500,300, 500,350, 500,300, 550,300, 500,300, 550,300, 500,300, 550,300, 500,300, 550,300, 500,300, 550,300, 500,300, 550,300, 500,300, 550,300, 500,350, 500,300, 550,300, 500,300, 550,300, 500,300, 550,300, 500,300, 550,300, 500,350, 500,300, 500,350, 500,300, 500,350, 500,300, 500,350, 500,300, 550,300, 500,300, 550,1100, 550,300, 500,300, 550,300, 500,350, 500,1150, 500,250, 600};  // PANASONIC C4D3:64800024

(28도)
unsigned int  rawData[227] = {3100,1550, 500,1150, 500,1150, 550,300, 500,300, 550,300, 500,1150, 500,350, 450,350, 500,1150, 500,1150, 500,350, 500,1150, 500,300, 500,350, 500,1150, 500,1150, 500,300, 550,1150, 500,1150, 450,350, 550,300, 500,1150, 500,300, 550,300, 500,1150, 500,350, 450,400, 450,350, 500,300, 500,350, 450,350, 500,300, 550,300, 500,350, 500,300, 500,350, 500,300, 500,350, 500,350, 500,300, 500,350, 500,250, 550,1150, 500,350, 500,350, 450,1150, 500,350, 500,300, 500,1150, 550,1100, 550,300, 500,350, 450,350, 500,350, 450,400, 450,350, 500,1150, 500,1150, 500,300, 500,350, 500,300, 550,300, 500,350, 450,400, 450,350, 500,1150, 500,300, 500,350, 500,350, 500,300, 500,350, 450,350, 500,300, 550,300, 500,300, 550,250, 550,350, 500,300, 500,350, 500,300, 500,350, 450,350, 500,350, 450,350, 500,350, 450,350, 550,300, 500,300, 550,300, 500,350, 500,350, 450,350, 500,300, 500,350, 450,350, 500,300, 550,300, 500,350, 500,300, 500,350, 500,300, 500,350, 500,350, 450,350, 500,1150, 500,350, 450,350, 500,350, 500,350, 450,350, 500,1150, 500,300, 500};  // PANASONIC C4D3:64800024

(29도)
unsigned int  rawData[227] = {3100,1600, 500,1150, 500,1150, 500,300, 550,300, 500,350, 500,1150, 500,300, 500,350, 500,1150, 500,1150, 500,300, 500,1150, 550,250, 550,300, 500,1150, 500,1200, 500,300, 500,1150, 500,1150, 500,350, 500,300, 550,1100, 500,350, 500,300, 500,1200, 450,350, 500,350, 500,300, 500,350, 500,300, 500,350, 500,300, 550,300, 500,300, 500,350, 500,300, 550,250, 550,350, 500,300, 500,350, 450,350, 500,350, 450,1200, 500,300, 500,350, 500,1150, 500,300, 500,350, 500,1150, 500,1150, 500,350, 450,350, 500,350, 500,300, 500,350, 500,300, 500,350, 500,1150, 500,300, 550,300, 500,300, 500,350, 500,350, 450,350, 500,350, 450,1200, 500,300, 500,350, 450,350, 500,300, 550,300, 550,300, 500,300, 550,300, 500,300, 500,350, 500,350, 500,300, 500,350, 500,300, 500,300, 500,350, 500,350, 500,300, 500,350, 500,300, 550,300, 500,300, 500,350, 500,300, 550,250, 550,350, 500,300, 500,350, 450,350, 500,350, 500,300, 500,350, 450,350, 500,300, 550,300, 500,350, 500,300, 500,400, 450,350, 450,350, 500,350, 500,300, 500,350, 500,300, 500,1150, 500,350, 500};  // PANASONIC C4D3:64800024

(30도)
unsigned int  rawData[227] = {3150,1550, 500,1150, 500,1150, 500,300, 550,300, 500,350, 500,1150, 500,300, 500,350, 500,1150, 500,1150, 500,250, 550,1150, 500,350, 500,250, 550,1150, 550,1100, 550,250, 550,1150, 500,1150, 500,300, 550,250, 550,1150, 500,300, 550,250, 550,1150, 500,300, 550,300, 500,300, 550,300, 500,350, 500,300, 500,350, 500,300, 550,250, 550,300, 550,300, 500,250, 600,300, 500,300, 550,300, 500,300, 550,300, 500,1150, 500,300, 550,250, 550,1150, 500,350, 500,300, 500,1150, 500,1150, 500,350, 500,300, 500,350, 500,300, 550,300, 500,300, 550,1100, 550,300, 500,300, 550,300, 550,250, 550,300, 500,350, 500,300, 500,1150, 500,350, 500,300, 500,1150, 550,1100, 500,1150, 500,350, 500,300, 550,300, 500,300, 550,300, 500,300, 550,300, 500,300, 550,300, 500,350, 500,300, 500,350, 500,300, 500,350, 500,300, 550,250, 550,300, 550,300, 500,300, 500,350, 500,300, 550,300, 500,300, 550,300, 500,300, 550,300, 550,250, 550,300, 500,300, 550,300, 500,300, 550,300, 550,250, 550,300, 550,250, 550,1150, 500,1150, 500,300, 500,1150, 550,1100, 550,1100, 550,300, 550};  // PANASONIC C4D3:64800024
(31도)
unsigned int  rawData[227] = {3100,1550, 550,1100, 550,1100, 550,300, 500,350, 500,300, 500,1150, 500,350, 500,300, 500,1150, 500,1150, 550,250, 550,1150, 500,300, 550,300, 500,1150, 500,1150, 500,300, 550,1150, 500,1150, 500,300, 500,300, 550,1150, 500,300, 500,350, 500,1150, 500,300, 550,250, 550,300, 550,300, 500,300, 550,300, 500,300, 550,300, 500,300, 550,300, 500,350, 500,300, 500,350, 500,300, 500,350, 500,300, 500,350, 500,1150, 500,300, 550,250, 550,1150, 500,300, 550,300, 500,1150, 500,1150, 550,250, 550,300, 500,350, 500,300, 550,250, 550,300, 550,250, 550,300, 500,350, 500,300, 550,250, 550,300, 550,250, 550,300, 550,1100, 550,250, 550,300, 550,1100, 550,1100, 600,1050, 550,300, 550,250, 600,200, 550,300, 550,250, 600,250, 550,300, 500,350, 500,300, 500,350, 500,300, 500,350, 500,300, 500,350, 500,300, 500,350, 500,300, 500,350, 500,300, 500,350, 500,300, 550,300, 500,300, 550,300, 500,300, 550,300, 500,350, 500,300, 500,350, 500,300, 500,350, 500,300, 500,350, 450,350, 500,1150, 500,350, 500,1150, 450,350, 500,1150, 500,1150, 500,1150, 500,350, 500};  // PANASONIC C4D3:64800024

(32도)
unsigned int  rawData[227] = {3150,1550, 500,1150, 500,1150, 500,350, 500,300, 500,350, 500,1100, 550,300, 500,300, 550,1150, 500,1150, 500,300, 500,1150, 500,350, 500,300, 500,1150, 500,1150, 500,350, 500,1150, 500,1150, 500,300, 550,300, 500,1150, 500,350, 500,300, 500,1150, 500,350, 500,300, 500,350, 500,300, 500,350, 500,300, 500,350, 500,300, 500,350, 500,300, 500,350, 500,300, 550,300, 500,300, 500,350, 500,300, 550,300, 500,1150, 550,250, 550,300, 500,1150, 500,350, 500,300, 500,1150, 500,1150, 500,300, 550,300, 500,350, 500,300, 500,350, 500,300, 500,350, 500,300, 500,350, 500,300, 550,300, 500,300, 550,300, 500,350, 500,1150, 500,300, 500,350, 500,1150, 500,1150, 500,1150, 500,300, 500,350, 500,300, 500,350, 500,300, 500,350, 500,300, 500,350, 500,300, 550,300, 500,300, 550,300, 500,350, 500,300, 500,350, 500,300, 500,350, 500,300, 500,1150, 500,350, 500,300, 500,350, 500,300, 500,350, 500,300, 500,350, 500,300, 500,350, 500,300, 500,350, 500,300, 500,350, 500,300, 550,300, 500,300, 550,1150, 500,1150, 500,300, 500,1150, 500,1150, 500,1150, 500,350, 500};  // PANASONIC C4D3:64800024

운전선택
난방
unsigned int  rawData[227] = {3100,1550, 500,1150, 500,1150, 550,250, 550,300, 550,250, 550,1150, 500,300, 550,300, 500,1150, 500,1150, 500,300, 550,1150, 500,300, 550,250, 550,1150, 500,1150, 500,300, 550,1150, 450,1200, 500,300, 500,300, 550,1150, 500,300, 550,300, 500,1150, 500,300, 500,350, 500,300, 500,350, 500,350, 500,300, 500,300, 550,300, 500,350, 500,300, 550,250, 550,300, 500,350, 500,350, 450,350, 500,300, 550,300, 500,1150, 500,350, 450,350, 500,1150, 500,300, 550,300, 550,1100, 550,300, 500,350, 450,350, 500,350, 500,300, 500,300, 550,300, 500,300, 550,1150, 500,300, 550,1100, 550,250, 550,300, 500,350, 500,350, 450,1200, 450,350, 500,1150, 500,1150, 500,1150, 500,1150, 500,350, 500,350, 450,350, 500,350, 450,350, 500,350, 450,350, 500,300, 500,350, 500,350, 500,300, 500,350, 500,300, 500,350, 500,350, 500,300, 500,300, 500,350, 500,300, 550,300, 500,300, 550,300, 500,350, 500,300, 550,300, 500,300, 550,250, 550,300, 550,300, 500,350, 450,350, 500,350, 500,300, 500,350, 450,1200, 500,300, 500,300, 550,300, 550,300, 500,300, 500,350, 500,1150, 500};  // PANASONIC C4D3:64800024
냉방
unsigned int  rawData[227] = {3100,1550, 500,1150, 500,1150, 500,300, 500,350, 500,350, 450,1200, 450,350, 500,300, 500,1200, 450,1200, 500,300, 500,1250, 400,350, 500,350, 450,1200, 450,1200, 500,300, 500,1150, 500,1200, 450,350, 500,300, 550,1150, 500,300, 500,350, 500,1150, 450,350, 500,350, 450,400, 450,350, 500,350, 500,300, 500,350, 500,300, 500,350, 500,300, 500,300, 500,350, 500,350, 450,350, 500,350, 450,350, 500,350, 500,1150, 500,350, 450,350, 500,1150, 500,350, 500,300, 500,1150, 500,1150, 500,350, 450,350, 500,350, 500,400, 450,300, 500,350, 450,1200, 500,300, 500,350, 450,350, 500,350, 450,350, 500,350, 450,350, 500,350, 450,350, 500,350, 500,1150, 500,1150, 500,1150, 500,350, 450,350, 500,300, 500,400, 450,350, 450,350, 500,350, 500,350, 450,350, 500,300, 500,350, 500,400, 450,300, 500,400, 400,350, 500,350, 450,350, 500,350, 450,350, 500,350, 500,350, 450,350, 500,350, 450,350, 500,350, 450,350, 500,350, 500,300, 500,300, 500,350, 500,350, 450,350, 500,350, 450,350, 500,1200, 450,350, 500,1150, 500,350, 450,1200, 450,1200, 450,1200, 450,350, 500};  // UNKNOWN C6F2A8D9
제습
unsigned int  rawData[227] = {3100,1550, 500,1150, 500,1150, 550,300, 500,300, 550,300, 500,1150, 500,350, 450,350, 500,1150, 500,1150, 500,300, 550,1150, 500,300, 500,350, 500,1150, 500,1150, 500,350, 500,1150, 500,1150, 500,300, 500,350, 500,1150, 500,300, 550,250, 550,1150, 500,350, 500,300, 500,350, 500,300, 500,350, 450,350, 500,350, 500,300, 550,300, 500,300, 550,250, 550,350, 500,300, 500,350, 500,300, 500,350, 450,350, 500,1150, 500,300, 500,350, 500,1150, 550,300, 500,350, 450,350, 500,1150, 500,350, 500,300, 500,350, 450,350, 500,300, 550,300, 500,350, 500,300, 550,300, 500,1150, 500,350, 500,300, 500,350, 450,350, 500,300, 550,300, 500,350, 500,1150, 500,1150, 500,1150, 500,300, 550,300, 500,350, 450,350, 500,350, 450,350, 500,350, 500,300, 500,350, 500,300, 550,300, 500,300, 550,300, 500,300, 550,300, 500,300, 500,350, 500,350, 500,300, 500,300, 550,300, 500,350, 450,350, 500,350, 500,300, 550,300, 500,300, 550,300, 500,350, 450,350, 500,350, 500,300, 500,350, 450,350, 500,1150, 500,1150, 500,350, 500,1150, 500,1150, 500,1150, 500,1150, 500,350, 450};  // PANASONIC C4D3:64800024
송풍
unsigned int  rawData[227] = {3050,1600, 500,1150, 500,1150, 500,300, 550,300, 500,350, 500,1150, 500,300, 550,300, 500,1150, 500,1150, 500,350, 500,1150, 500,300, 500,350, 500,1150, 500,1150, 500,300, 550,1100, 550,1100, 550,300, 500,300, 500,1200, 500,300, 500,350, 500,1150, 500,300, 550,250, 550,300, 550,250, 550,300, 550,250, 550,300, 550,300, 500,350, 500,300, 500,300, 500,350, 500,350, 450,350, 500,350, 450,350, 550,250, 550,1150, 500,300, 500,350, 500,1150, 500,350, 500,300, 500,1150, 500,1150, 500,1150, 500,350, 500,300, 550,250, 550,350, 500,300, 500,350, 450,350, 500,300, 500,1200, 450,350, 500,350, 500,300, 500,350, 500,1150, 500,300, 550,1150, 450,1200, 450,1200, 450,1200, 450,350, 500,350, 500,300, 500,350, 500,300, 550,300, 500,350, 450,350, 500,350, 450,350, 500,350, 450,350, 500,350, 450,350, 500,350, 500,300, 500,350, 450,350, 500,350, 500,300, 500,350, 500,350, 450,350, 500,350, 450,350, 500,350, 450,350, 500,350, 450,350, 500,350, 450,350, 550,300, 500,300, 500,350, 500,1150, 500,350, 500,1150, 450,350, 500,350, 450,350, 500,350, 450,1200, 500};  // PANASONIC C4D3:64800024




예약운전
unsigned int  rawData[227] = {3150,1550, 500,1150, 500,1150, 500,300, 500,350, 500,300, 500,1150, 550,300, 500,300, 550,1100, 550,1150, 500,250, 550,1150, 500,300, 550,250, 550,1150, 500,1150, 500,350, 500,1150, 500,1150, 500,300, 500,350, 500,1150, 500,350, 450,350, 500,1150, 500,300, 550,250, 550,300, 550,250, 550,350, 500,300, 500,350, 500,300, 500,300, 500,350, 500,350, 500,300, 500,350, 500,300, 500,350, 500,300, 500,350, 500,1150, 500,1150, 500,350, 500,1150, 500,300, 500,300, 550,250, 550,1150, 500,350, 450,350, 500,350, 450,350, 500,350, 450,350, 500,350, 450,350, 500,350, 450,1200, 500,300, 500,350, 500,350, 450,350, 500,350, 450,350, 500,350, 450,350, 500,350, 500,300, 500,1150, 500,350, 450,350, 500,350, 450,1200, 450,350, 500,350, 500,1150, 500,300, 500,350, 500,350, 450,350, 500,350, 450,350, 500,350, 450,350, 500,350, 450,350, 500,350, 450,350, 500,350, 450,350, 500,350, 450,350, 500,350, 450,350, 500,350, 450,350, 500,350, 500,300, 500,350, 500,350, 450,350, 500,350, 450,1200, 450,1200, 450,1200, 450,1200, 450,350, 500,1150, 500,350, 450,1200, 500};  // PANASONIC C4D3:64800034


바람세기 1 2 3 자동 (난방모드)
unsigned int  rawData[227] = {3150,1550, 500,1150, 500,1150, 500,300, 500,350, 500,300, 550,1100, 500,350, 500,350, 500,1150, 450,1200, 500,300, 500,1150, 500,300, 550,300, 550,1100, 550,1100, 550,300, 500,1150, 500,1150, 500,350, 500,300, 500,1150, 550,250, 550,300, 550,1100, 500,350, 500,350, 450,350, 500,350, 450,350, 500,300, 500,350, 500,300, 500,350, 500,350, 500,300, 500,350, 500,300, 550,300, 500,300, 500,350, 500,350, 450,1200, 500,300, 500,300, 500,1200, 450,350, 500,350, 500,1150, 500,300, 550,300, 500,350, 500,300, 500,300, 550,300, 500,350, 450,1200, 500,300, 500,300, 550,300, 500,350, 500,300, 500,350, 500,300, 500,350, 500,1150, 500,350, 500,300, 500,350, 500,300, 500,350, 450,350, 500,350, 500,300, 550,250, 550,300, 550,300, 500,300, 550,300, 500,350, 450,350, 500,350, 500,300, 500,350, 450,350, 500,300, 550,300, 500,350, 500,300, 500,350, 500,300, 550,300, 500,300, 500,350, 500,350, 500,300, 500,350, 450,350, 500,350, 500,300, 500,350, 450,350, 500,350, 500,300, 500,1150, 500,350, 500,1150, 500,1150, 500,1150, 500,1150, 500,350, 500,300, 500};  // PANASONIC C4D3:64800024

unsigned int  rawData[227] = {3100,1550, 550,1100, 550,1100, 550,300, 500,300, 550,250, 550,1150, 500,300, 550,250, 600,1100, 550,1100, 550,300, 500,1150, 500,300, 550,250, 550,1150, 500,1150, 550,300, 500,1150, 500,1150, 500,300, 550,300, 500,1150, 500,300, 550,300, 500,1150, 500,350, 500,300, 550,300, 500,300, 550,300, 500,300, 550,300, 500,300, 550,250, 550,300, 550,250, 550,350, 500,300, 500,350, 500,300, 500,300, 550,300, 550,1100, 550,250, 550,300, 550,1100, 550,250, 550,300, 550,1150, 500,300, 500,300, 550,300, 500,350, 500,300, 550,250, 550,300, 550,1100, 550,300, 500,300, 550,300, 500,300, 550,250, 550,350, 500,300, 500,1150, 550,1100, 550,300, 500,300, 550,250, 550,300, 550,250, 550,300, 550,300, 500,350, 500,250, 550,300, 550,300, 550,300, 500,300, 550,300, 500,300, 550,300, 500,300, 550,300, 500,300, 550,300, 550,300, 500,250, 550,350, 500,300, 500,350, 500,300, 550,300, 500,300, 550,250, 600,250, 550,300, 500,300, 550,300, 500,300, 550,300, 500,350, 500,300, 500,350, 500,300, 550,1100, 550,1100, 550,1100, 550,1100, 550,1100, 550,300, 500,350, 500};  // PANASONIC C4D3:64800024

unsigned int  rawData[227] = {3100,1550, 500,1150, 500,1150, 500,350, 500,300, 550,250, 550,1150, 500,300, 550,250, 550,1150, 500,1150, 500,300, 550,1150, 500,300, 500,350, 500,1150, 500,1150, 500,300, 550,1100, 550,1150, 500,300, 500,300, 550,1150, 500,300, 550,250, 550,1150, 500,300, 550,250, 550,300, 550,250, 550,350, 500,250, 550,300, 550,300, 500,350, 500,300, 500,350, 500,250, 550,350, 500,300, 550,250, 550,300, 550,250, 550,1150, 500,300, 550,300, 500,1150, 500,350, 500,300, 550,1100, 550,300, 500,300, 550,250, 550,300, 550,300, 500,300, 550,300, 500,1150, 500,300, 550,300, 500,350, 500,300, 550,300, 500,300, 550,250, 550,1150, 500,300, 550,1100, 550,300, 500,350, 500,300, 500,350, 500,300, 500,300, 550,300, 550,300, 500,300, 550,300, 500,300, 550,300, 500,300, 550,300, 500,350, 500,300, 500,350, 500,300, 500,350, 500,300, 500,350, 500,300, 550,300, 500,300, 550,300, 500,300, 550,300, 500,300, 550,300, 500,350, 500,300, 500,300, 550,300, 500,350, 500,300, 500,350, 500,300, 550,300, 500,300, 550,300, 500,300, 550,300, 500,300, 550,1100, 550,300, 500};  // PANASONIC C4D3:64800024

unsigned int  rawData[227] = {3100,1550, 550,1100, 550,1100, 550,300, 500,300, 550,300, 500,1150, 500,300, 550,250, 600,1100, 550,1100, 550,250, 550,1150, 500,300, 550,250, 550,1150, 500,1150, 500,300, 550,1150, 500,1100, 550,300, 550,250, 550,1150, 500,350, 500,300, 500,1150, 500,350, 500,300, 550,300, 500,300, 550,250, 550,300, 550,300, 500,300, 550,250, 550,300, 550,300, 500,350, 500,300, 500,300, 550,300, 500,300, 550,300, 550,1100, 550,300, 500,300, 550,1100, 550,300, 500,300, 550,1150, 500,300, 500,350, 500,300, 550,300, 500,300, 550,300, 500,300, 550,1100, 550,300, 500,300, 550,300, 500,350, 500,300, 500,300, 550,300, 500,300, 550,300, 550,250, 550,300, 550,300, 500,300, 550,250, 550,300, 550,300, 500,300, 550,250, 550,350, 500,300, 500,300, 550,300, 550,300, 500,300, 550,300, 500,300, 550,300, 500,300, 550,250, 550,350, 500,300, 500,350, 500,300, 500,350, 500,300, 550,300, 500,300, 550,300, 500,300, 550,300, 500,300, 550,300, 500,300, 550,250, 550,350, 500,300, 500,300, 550,1150, 500,1150, 500,300, 550,1100, 550,1100, 550,1100, 550,300, 500,350, 500};  // PANASONIC C4D3:64800024

바람세기 1 2 3 자동 (냉방모드)
unsigned int  rawData[227] = {3100,1600, 500,1150, 500,1150, 500,350, 500,300, 500,300, 550,1150, 500,300, 500,350, 500,1150, 500,1150, 500,300, 500,1200, 500,300, 500,300, 550,1150, 450,1200, 450,350, 550,1100, 500,1150, 500,350, 500,300, 500,1200, 500,300, 500,350, 450,1200, 450,350, 500,350, 500,300, 500,350, 500,300, 550,300, 500,350, 500,300, 500,350, 450,350, 500,350, 450,350, 500,350, 500,300, 500,350, 500,300, 500,350, 500,1150, 500,350, 450,350, 500,1150, 500,300, 500,350, 500,1150, 500,1150, 500,350, 500,300, 500,350, 500,350, 500,300, 500,350, 450,350, 500,1150, 500,350, 450,350, 500,350, 450,350, 500,350, 500,300, 550,300, 500,1150, 500,350, 450,350, 500,350, 450,350, 500,350, 450,350, 500,350, 450,350, 500,350, 500,300, 500,350, 500,300, 500,350, 500,300, 500,350, 500,350, 450,350, 500,350, 450,350, 500,350, 500,300, 500,350, 450,350, 500,350, 500,300, 500,350, 500,300, 500,350, 500,350, 450,350, 500,350, 450,350, 500,350, 450,350, 500,350, 450,350, 500,350, 450,350, 500,350, 500,300, 550,300, 500,350, 500,300, 500,350, 450,1200, 450,350, 500};  // PANASONIC C4D3:64800024

unsigned int  rawData[227] = {3100,1600, 500,1150, 500,1150, 500,300, 500,350, 500,350, 450,1200, 500,300, 500,300, 550,1150, 500,1100, 550,300, 550,1150, 450,350, 500,350, 500,1150, 450,1200, 500,300, 500,1150, 500,1150, 500,350, 500,350, 450,1200, 450,350, 500,350, 450,1200, 450,350, 500,350, 500,300, 500,300, 550,300, 500,350, 500,350, 450,350, 500,350, 450,350, 500,350, 450,350, 500,350, 450,350, 500,350, 500,300, 500,350, 500,1150, 500,350, 450,350, 500,1150, 500,350, 450,350, 500,1150, 500,1150, 550,300, 500,300, 500,350, 500,300, 500,350, 500,350, 450,350, 500,1150, 500,350, 450,350, 500,350, 450,350, 500,300, 550,300, 500,1150, 550,1150, 450,350, 500,350, 450,350, 500,350, 500,300, 500,350, 450,350, 500,350, 500,300, 500,350, 500,300, 500,350, 500,350, 450,350, 500,350, 450,350, 500,350, 450,350, 500,350, 450,350, 500,350, 450,350, 500,350, 500,300, 500,350, 500,300, 550,300, 500,350, 500,300, 500,350, 450,350, 500,350, 450,350, 500,350, 500,300, 500,350, 450,350, 500,350, 500,1150, 500,350, 500,300, 500,350, 500,300, 500,350, 500,1150, 450,350, 500};  // PANASONIC C4D3:64800024

unsigned int  rawData[227] = {3100,1550, 500,1150, 500,1150, 550,300, 500,300, 550,300, 500,1150, 500,300, 550,300, 500,1150, 500,1150, 500,350, 450,1200, 500,300, 550,300, 500,1150, 500,1150, 500,350, 500,1150, 500,1150, 500,300, 500,300, 550,1150, 500,300, 550,250, 550,1150, 500,300, 550,300, 500,300, 550,300, 500,300, 550,300, 500,300, 500,350, 500,300, 550,300, 550,250, 550,300, 500,350, 500,350, 500,300, 500,350, 500,300, 500,1150, 500,300, 550,300, 500,1150, 500,300, 550,300, 500,1150, 550,1150, 500,300, 500,350, 450,350, 500,350, 500,300, 500,350, 500,300, 500,1150, 500,350, 500,300, 550,300, 500,300, 550,300, 500,350, 450,1200, 500,300, 500,1150, 500,350, 500,300, 500,300, 550,300, 500,350, 500,300, 550,300, 500,300, 550,300, 500,350, 500,300, 500,350, 500,300, 500,350, 450,350, 500,350, 450,350, 500,350, 500,300, 550,300, 500,300, 500,350, 500,350, 450,350, 500,350, 500,300, 500,300, 550,300, 500,350, 500,300, 500,350, 450,350, 550,250, 550,300, 500,350, 500,350, 450,350, 500,1150, 500,1150, 500,350, 500,300, 500,350, 500,300, 500,1150, 550,300, 500};  // PANASONIC C4D3:64800024

unsigned int  rawData[227] = {3100,1550, 550,1150, 500,1150, 500,300, 500,350, 450,350, 500,1150, 550,250, 550,300, 550,1100, 550,1100, 550,300, 500,1150, 500,300, 550,250, 550,1150, 500,1150, 550,300, 500,1150, 500,1150, 500,350, 500,300, 500,1150, 500,300, 550,300, 500,1150, 550,300, 500,300, 550,250, 550,300, 550,250, 550,300, 550,300, 500,300, 550,300, 500,350, 500,300, 500,300, 550,300, 500,350, 500,300, 550,250, 550,300, 550,1100, 550,300, 500,350, 500,1150, 500,300, 500,350, 500,1150, 500,1150, 500,300, 550,250, 550,300, 550,300, 500,300, 550,300, 500,350, 500,1150, 500,300, 500,300, 550,300, 500,350, 500,300, 500,350, 500,300, 550,300, 500,300, 550,300, 500,300, 550,300, 500,350, 500,300, 500,350, 500,300, 500,350, 500,300, 500,300, 550,300, 500,350, 500,300, 550,300, 500,300, 550,300, 500,300, 550,300, 500,300, 550,300, 500,350, 500,300, 500,350, 500,300, 500,300, 550,300, 500,350, 500,300, 550,300, 500,300, 550,300, 500,300, 550,300, 500,350, 500,300, 500,350, 500,300, 500,300, 550,1150, 500,1150, 500,1150, 500,1150, 500,1150, 500,350, 500,300, 500};  // PANASONIC C4D3:64800024

바람세기 1 2 3 (송풍)
unsigned int  rawData[227] = {3050,1600, 450,1200, 450,1200, 500,350, 450,350, 500,350, 450,1200, 450,400, 450,350, 450,1200, 450,1200, 450,400, 450,1200, 450,350, 500,350, 450,1200, 450,1200, 450,400, 450,1200, 450,1200, 450,350, 450,400, 450,1200, 450,350, 500,350, 450,1200, 450,400, 450,350, 450,400, 450,350, 450,400, 450,350, 450,400, 450,350, 450,400, 450,350, 450,400, 450,350, 500,350, 450,400, 450,350, 450,400, 450,350, 450,1200, 450,400, 450,350, 450,1200, 450,400, 450,350, 500,1150, 500,1200, 450,1200, 450,350, 450,400, 450,350, 450,400, 450,350, 450,400, 450,350, 450,400, 450,1200, 450,350, 500,350, 450,400, 450,350, 450,400, 450,1200, 450,350, 450,400, 450,350, 450,400, 450,350, 450,400, 450,350, 500,350, 450,350, 500,350, 450,400, 450,350, 450,400, 450,350, 450,400, 450,350, 450,400, 450,350, 450,400, 450,350, 450,400, 450,350, 500,350, 450,350, 500,350, 450,400, 450,350, 450,400, 450,350, 450,400, 500,300, 450,400, 450,350, 450,400, 450,350, 450,400, 450,350, 550,300, 450,350, 500,1150, 500,350, 450,1200, 450,400, 450,350, 450,1200, 450,400, 450};  // PANASONIC C4D3:64800024

unsigned int  rawData[227] = {3100,1600, 450,1200, 450,1200, 450,350, 450,400, 450,350, 500,1150, 500,350, 450,400, 450,1200, 450,1150, 500,350, 450,1200, 450,400, 450,350, 500,1150, 500,1200, 450,350, 450,1200, 450,1200, 450,400, 450,350, 450,1200, 450,400, 450,350, 500,1150, 500,350, 450,400, 450,350, 450,400, 450,350, 450,400, 450,350, 450,400, 450,350, 450,400, 450,350, 500,350, 450,350, 500,350, 450,400, 450,350, 450,400, 450,1200, 450,350, 450,400, 450,1200, 450,350, 450,400, 450,1200, 450,1200, 450,1200, 450,400, 450,350, 450,400, 450,350, 450,400, 450,350, 450,400, 450,350, 500,1150, 500,350, 450,400, 450,350, 450,400, 450,1200, 450,1200, 450,350, 450,400, 450,350, 450,400, 450,350, 500,350, 450,350, 500,350, 450,400, 450,350, 450,400, 450,350, 450,400, 450,350, 450,400, 450,350, 450,400, 450,350, 500,350, 450,350, 500,350, 450,400, 450,350, 450,400, 450,350, 450,400, 450,350, 450,400, 450,350, 450,400, 450,350, 450,400, 450,350, 500,350, 450,400, 450,350, 450,400, 450,350, 450,1200, 450,1200, 450,400, 450,1200, 450,350, 450,400, 450,1200, 450,400, 450};  // PANASONIC C4D3:64800024

unsigned int  rawData[227] = {3100,1550, 450,1200, 450,1200, 500,350, 500,300, 500,350, 500,1150, 450,350, 550,300, 500,1150, 450,1200, 450,400, 450,1200, 500,300, 450,400, 450,1200, 500,1150, 500,300, 550,1100, 500,1150, 500,350, 500,350, 500,1150, 450,350, 500,350, 500,1150, 500,300, 550,300, 500,300, 550,300, 500,350, 500,300, 500,350, 500,300, 500,350, 500,300, 500,350, 500,300, 550,300, 500,300, 550,300, 500,300, 550,300, 500,1150, 500,350, 500,300, 500,1150, 500,350, 500,300, 550,1100, 600,1050, 550,1100, 550,300, 500,350, 500,300, 500,350, 500,300, 500,350, 500,300, 500,350, 500,1150, 500,300, 550,300, 500,300, 550,300, 500,1150, 500,350, 500,1150, 500,300, 600,200, 550,300, 550,300, 500,300, 550,300, 500,300, 550,300, 500,300, 550,300, 500,350, 500,300, 500,350, 500,300, 500,350, 500,300, 500,350, 500,300, 550,300, 500,300, 550,300, 500,300, 550,300, 500,300, 550,300, 500,350, 500,300, 500,350, 500,300, 500,350, 500,300, 550,300, 500,300, 550,300, 500,300, 550,300, 500,300, 550,1100, 550,300, 500,1150, 500,1150, 500,350, 500,300, 550,1100, 550,300, 500};  // PANASONIC C4D3:64800024


C/F
unsigned int  rawData[227] = {3100,1550, 500,1150, 500,1150, 500,350, 450,350, 500,350, 450,1200, 500,250, 550,350, 500,1150, 500,1150, 500,350, 450,1200, 500,300, 500,350, 500,1150, 500,1150, 500,300, 500,1150, 500,1150, 550,200, 600,300, 500,1150, 500,300, 550,300, 500,1200, 450,350, 500,350, 450,350, 500,350, 500,300, 500,350, 450,350, 500,350, 450,250, 600,350, 450,350, 500,300, 500,350, 500,350, 450,350, 500,350, 450,350, 500,1150, 500,350, 450,350, 500,1200, 450,350, 500,350, 500,1150, 450,1200, 450,350, 500,350, 450,350, 500,350, 450,350, 500,350, 450,350, 500,1150, 500,350, 450,1200, 450,250, 600,350, 450,400, 450,350, 500,1150, 500,1150, 500,350, 450,350, 500,350, 450,350, 500,350, 450,350, 500,350, 450,350, 500,350, 450,350, 500,350, 450,350, 500,350, 450,350, 500,350, 450,350, 500,350, 500,300, 500,350, 500,350, 450,350, 500,350, 450,350, 500,350, 450,350, 500,350, 450,350, 500,350, 450,350, 500,350, 450,350, 500,350, 500,300, 500,300, 550,200, 600,350, 500,300, 500,350, 500,1150, 500,350, 450,350, 500,1150, 500,350, 500,300, 500,1150, 500,300, 500};  // PANASONIC C4D3:64800024

취침운전
unsigned int  rawData[227] = {3100,1550, 500,1150, 500,1150, 500,350, 500,350, 450,350, 500,1150, 450,400, 450,350, 500,1150, 500,1150, 500,350, 450,1150, 500,350, 500,350, 450,1200, 450,1200, 450,350, 500,1150, 500,1150, 500,250, 600,300, 500,1150, 500,350, 500,300, 500,1150, 500,250, 600,300, 550,300, 500,350, 500,300, 500,300, 550,300, 500,350, 500,300, 500,350, 500,300, 500,350, 500,300, 500,300, 550,300, 500,300, 550,300, 500,1150, 500,350, 500,300, 500,1150, 550,300, 500,300, 550,1100, 550,1150, 500,300, 500,350, 500,300, 500,350, 500,250, 550,350, 500,300, 500,1150, 500,350, 500,1150, 500,300, 500,350, 500,300, 500,350, 500,1150, 500,300, 550,300, 500,350, 500,300, 500,350, 500,300, 500,350, 500,300, 500,350, 500,300, 500,350, 500,300, 500,350, 500,300, 500,350, 500,300, 500,350, 500,300, 500,350, 500,300, 500,350, 500,300, 550,300, 500,300, 550,300, 500,300, 550,300, 500,350, 500,300, 500,350, 500,300, 500,350, 500,300, 500,350, 500,300, 500,350, 500,300, 500,350, 500,300, 500,1150, 500,1150, 550,1100, 550,300, 500,350, 500,300, 500,1150, 500,350, 500};  // PANASONIC C4D3:64800024

자동회전
unsigned int  rawData[227] = {3100,1550, 500,1200, 450,1150, 500,350, 450,350, 550,300, 450,1200, 500,350, 500,300, 500,1150, 500,1150, 500,350, 500,1150, 500,250, 550,350, 500,1150, 500,1150, 500,300, 500,1150, 500,1200, 450,350, 500,350, 500,1150, 500,300, 500,350, 500,1150, 450,350, 500,350, 450,350, 500,350, 500,300, 500,350, 500,300, 500,350, 450,350, 500,300, 550,350, 450,350, 500,350, 450,350, 500,350, 500,300, 500,350, 500,1150, 500,300, 500,350, 500,1150, 500,300, 500,350, 500,1150, 500,1150, 500,300, 500,350, 500,300, 550,300, 500,350, 500,300, 500,350, 500,1150, 500,300, 500,1150, 500,350, 500,300, 500,350, 500,300, 500,1150, 500,350, 500,300, 500,1150, 500,1150, 500,1200, 500,300, 500,350, 500,300, 500,350, 500,300, 500,350, 500,300, 500,350, 500,300, 500,350, 500,300, 500,350, 500,300, 500,350, 500,300, 500,350, 500,300, 500,350, 500,300, 500,350, 500,350, 450,350, 500,350, 450,350, 500,350, 500,300, 500,350, 500,300, 500,350, 500,300, 500,350, 500,300, 500,350, 500,300, 500,1150, 500,1150, 500,1150, 500,1150, 500,1200, 450,1200, 500,1150, 500,300, 500};  // PANASONIC C4D3:64800024

온풍기 온도조절
(13도)
unsigned int  rawData[227] = {3100,1550, 550,1100, 550,1100, 550,300, 500,250, 600,250, 550,1150, 500,300, 550,200, 600,1150, 500,1150, 500,300, 550,1100, 550,250, 600,200, 600,1150, 500,1150, 500,250, 600,1100, 550,1100, 550,250, 550,300, 550,1100, 550,200, 600,250, 600,1100, 550,250, 550,300, 550,300, 550,250, 550,250, 600,200, 600,250, 600,250, 550,250, 600,300, 500,250, 600,250, 550,300, 550,200, 600,300, 550,300, 500,300, 550,1100, 550,300, 500,250, 600,1100, 550,350, 450,300, 550,1100, 550,300, 550,300, 500,250, 600,200, 600,300, 550,200, 600,350, 500,1100, 550,250, 550,1150, 500,1150, 500,300, 550,300, 500,250, 600,300, 500,250, 600,300, 500,300, 550,1150, 500,1150, 500,1150, 500,250, 600,200, 600,300, 550,250, 550,300, 550,250, 550,300, 550,300, 500,300, 550,300, 500,250, 600,300, 500,300, 550,300, 500,250, 600,300, 500,250, 600,250, 550,300, 550,300, 500,300, 550,300, 550,250, 550,250, 600,300, 500,300, 550,300, 500,250, 600,300, 500,250, 600,250, 550,300, 550,300, 500,300, 550,1100, 550,1150, 450,1200, 450,1200, 450,1200, 450,1200, 500,1150, 450,350, 450};  // PANASONIC C4D3:64800024
(14도)
unsigned int  rawData[227] = {3100,1550, 550,1100, 550,1100, 550,300, 500,300, 550,300, 500,1150, 500,300, 550,300, 500,1150, 550,1100, 500,250, 600,1150, 500,300, 550,200, 600,1150, 500,1150, 500,300, 550,1100, 550,1100, 550,250, 550,300, 550,1150, 500,300, 500,300, 550,1150, 500,250, 600,200, 600,250, 600,200, 600,300, 550,300, 500,250, 600,300, 500,250, 600,300, 500,300, 550,250, 550,250, 600,250, 550,300, 550,250, 550,300, 550,1150, 500,300, 500,350, 500,1150, 500,300, 500,350, 500,1150, 500,250, 500,400, 450,350, 550,300, 450,350, 450,400, 450,350, 450,400, 450,350, 550,1100, 550,1150, 450,350, 500,300, 500,350, 450,400, 500,300, 450,400, 500,300, 500,1150, 450,1200, 550,1100, 450,400, 450,350, 450,400, 500,300, 450,400, 450,350, 450,400, 450,350, 450,400, 450,400, 500,300, 450,400, 450,350, 450,400, 450,350, 450,400, 450,350, 500,350, 450,350, 450,400, 450,350, 450,400, 450,350, 450,400, 450,350, 450,400, 450,350, 450,400, 450,350, 450,400, 450,350, 450,400, 450,400, 450,350, 450,400, 450,1200, 450,1200, 450,1200, 450,1200, 500,1150, 450,1200, 450,350, 450};  // PANASONIC C4D3:64800024
(15도)
unsigned int  rawData[227] = {3150,1550, 500,1150, 500,1150, 500,350, 500,300, 500,350, 500,1100, 550,300, 500,350, 500,1150, 500,1150, 500,300, 500,1150, 500,350, 500,350, 450,1150, 500,1150, 550,300, 500,1150, 500,1150, 500,350, 500,300, 500,1150, 500,350, 500,300, 500,1150, 500,350, 500,300, 500,300, 550,300, 500,350, 500,300, 500,350, 500,350, 450,350, 500,300, 550,300, 500,350, 500,300, 500,350, 500,300, 500,350, 500,300, 500,1150, 500,300, 550,300, 500,1150, 500,350, 500,300, 500,1150, 500,350, 500,300, 500,350, 500,300, 500,350, 500,350, 450,350, 500,1150, 500,1150, 500,300, 550,1100, 550,250, 550,350, 500,300, 550,250, 550,300, 500,350, 500,300, 500,1150, 500,1150, 500,1150, 500,350, 500,300, 550,300, 500,300, 550,250, 550,350, 500,300, 550,250, 550,300, 500,300, 550,250, 550,300, 550,250, 600,250, 550,300, 550,250, 550,300, 500,350, 500,300, 550,250, 550,300, 500,350, 500,300, 500,350, 500,300, 550,250, 550,300, 550,250, 550,300, 550,300, 550,250, 550,300, 550,250, 550,300, 550,1100, 500,300, 550,1150, 500,1150, 500,1150, 500,1150, 500,1150, 500,300, 550};  // PANASONIC C4D3:64800024
(16도)
unsigned int  rawData[227] = {3150,1550, 500,1150, 500,1150, 500,300, 550,250, 550,300, 550,1100, 550,300, 500,300, 550,1100, 550,1150, 500,300, 550,1100, 550,300, 500,300, 550,1100, 550,1100, 550,250, 550,1150, 500,1150, 500,350, 500,300, 500,1150, 550,300, 500,300, 550,1100, 550,300, 500,300, 550,300, 500,350, 500,300, 500,350, 500,300, 550,300, 500,300, 550,250, 550,300, 550,300, 500,300, 550,300, 500,300, 550,300, 500,350, 500,1150, 500,300, 500,350, 500,1150, 500,300, 550,300, 500,1150, 500,300, 550,300, 500,300, 550,300, 500,350, 500,300, 500,350, 500,300, 550,1100, 550,250, 600,1100, 500,300, 550,300, 500,350, 500,300, 500,350, 500,300, 500,350, 500,300, 500,300, 550,300, 550,300, 500,300, 550,300, 500,300, 550,300, 500,350, 500,300, 500,300, 550,250, 550,300, 550,300, 500,350, 500,300, 550,300, 500,300, 550,300, 500,300, 550,250, 550,300, 550,250, 550,300, 550,300, 500,350, 500,300, 500,350, 500,300, 550,300, 500,300, 550,300, 500,300, 550,300, 500,300, 550,300, 500,300, 550,300, 500,350, 500,1150, 500,300, 500,350, 500,300, 550,1100, 550,300, 500};  // PANASONIC C4D3:64800024

(17도)
unsigned int  rawData[227] = {3100,1550, 500,1150, 500,1150, 550,300, 500,300, 550,300, 500,1150, 500,300, 550,300, 500,1100, 550,1150, 500,350, 500,1150, 500,300, 550,300, 500,1150, 500,1150, 500,300, 550,1150, 500,1150, 500,300, 500,300, 550,1150, 500,300, 550,300, 500,1150, 500,300, 550,300, 500,350, 500,300, 500,300, 550,300, 500,350, 500,300, 500,350, 500,300, 550,300, 500,300, 550,300, 500,300, 550,300, 500,300, 550,300, 500,1150, 500,350, 500,300, 500,1150, 500,300, 550,300, 550,1100, 550,300, 500,300, 550,300, 500,300, 550,300, 500,350, 500,300, 500,1150, 500,350, 500,300, 550,1100, 550,300, 500,300, 550,300, 500,300, 550,300, 500,300, 550,300, 500,350, 500,300, 500,350, 500,300, 550,300, 500,300, 550,250, 550,300, 550,300, 500,300, 550,300, 500,300, 550,300, 500,300, 550,300, 500,350, 500,300, 500,300, 550,300, 500,350, 500,300, 550,300, 500,300, 550,300, 500,300, 550,300, 500,300, 550,250, 550,300, 550,300, 500,350, 500,300, 500,350, 500,300, 500,350, 500,300, 550,300, 500,1150, 500,1150, 500,300, 550,300, 500,350, 500,300, 500,1150, 500,300, 550};  // PANASONIC C4D3:64800024

(18도)
unsigned int  rawData[227] = {3150,1550, 500,1150, 500,1150, 500,350, 450,350, 500,350, 500,1100, 550,300, 500,350, 500,1100, 550,1100, 550,300, 500,1150, 500,350, 500,300, 500,1150, 500,1150, 500,350, 500,1150, 500,1150, 500,350, 500,300, 500,1150, 500,300, 550,300, 500,1150, 500,350, 500,300, 500,350, 500,300, 500,350, 500,300, 500,350, 500,300, 500,350, 500,300, 500,350, 500,300, 500,350, 500,300, 500,350, 500,300, 500,350, 500,1150, 500,300, 550,300, 500,1150, 500,350, 500,300, 500,1150, 550,200, 600,250, 550,300, 550,300, 500,350, 500,300, 500,350, 500,300, 500,350, 500,300, 500,1150, 500,350, 500,300, 500,350, 500,300, 550,300, 500,300, 550,300, 500,1150, 500,1150, 500,1150, 500,350, 500,300, 500,350, 450,350, 500,350, 450,350, 500,350, 500,300, 500,350, 450,350, 500,350, 500,300, 500,350, 500,300, 500,350, 500,300, 500,350, 500,300, 500,350, 500,350, 450,350, 500,350, 450,350, 500,350, 450,350, 500,350, 450,350, 500,350, 500,300, 500,350, 450,350, 500,350, 450,350, 500,350, 450,350, 500,1150, 500,350, 500,1150, 500,1150, 500,1150, 500,1150, 500,350, 450};  // PANASONIC C4D3:64800024
(19도)
unsigned int  rawData[227] = {3100,1550, 500,1150, 550,1100, 550,300, 500,300, 550,300, 500,1150, 500,350, 500,300, 500,1150, 500,1150, 500,350, 500,1150, 500,300, 550,300, 500,1150, 500,1150, 500,300, 550,1150, 500,1150, 500,300, 500,300, 550,1150, 500,300, 550,300, 500,1150, 500,300, 550,300, 500,350, 500,300, 500,350, 500,300, 500,350, 500,300, 550,300, 500,300, 550,300, 500,300, 550,300, 500,300, 550,250, 550,300, 550,300, 500,1150, 500,350, 500,300, 500,1150, 500,300, 550,300, 550,1100, 550,300, 500,300, 550,300, 500,350, 500,300, 500,350, 500,300, 500,1150, 500,1150, 550,1100, 550,300, 500,300, 550,300, 500,300, 550,300, 500,300, 550,300, 500,350, 500,300, 500,350, 500,300, 550,300, 500,300, 550,300, 500,300, 550,300, 500,300, 550,300, 500,300, 550,300, 500,350, 500,300, 500,350, 500,300, 500,350, 500,300, 500,350, 500,300, 550,300, 500,300, 550,300, 500,300, 550,300, 550,200, 600,300, 500,350, 500,300, 500,350, 500,300, 500,350, 500,300, 500,350, 500,300, 550,300, 500,300, 550,1100, 550,300, 500,350, 500,300, 500,350, 500,300, 500,1150, 500,300, 550};  // PANASONIC C4D3:64800024

(20도)
unsigned int  rawData[227] = {3100,1550, 500,1150, 550,1100, 550,300, 500,300, 550,300, 500,1150, 500,300, 550,300, 500,1150, 500,1150, 500,350, 500,1150, 500,300, 550,300, 500,1150, 500,1150, 500,350, 500,1100, 550,1150, 500,300, 550,300, 500,1150, 500,300, 550,300, 500,1150, 500,250, 600,300, 500,300, 550,300, 500,350, 500,300, 500,350, 500,300, 550,300, 500,300, 550,250, 550,300, 550,300, 500,300, 550,300, 500,300, 550,300, 500,1150, 500,300, 550,250, 600,1100, 550,300, 500,300, 550,1100, 550,300, 500,300, 550,250, 550,300, 550,250, 550,350, 500,300, 500,350, 500,1150, 500,1150, 500,300, 550,300, 500,300, 550,300, 500,300, 550,300, 500,300, 550,300, 500,350, 500,300, 500,300, 550,300, 500,350, 500,300, 550,300, 500,300, 550,300, 500,300, 550,300, 500,300, 550,250, 550,300, 550,250, 550,350, 500,300, 500,350, 500,300, 550,300, 500,300, 550,300, 500,300, 550,300, 500,300, 550,300, 500,300, 550,300, 500,350, 500,300, 500,350, 500,300, 500,300, 550,300, 500,350, 500,300, 550,300, 500,300, 550,300, 500,300, 550,300, 500,300, 550,250, 550,1150, 500,350, 500};  // PANASONIC C4D3:64800024

(21도)
unsigned int  rawData[227] = {3150,1500, 550,1100, 550,1100, 550,300, 500,350, 500,300, 500,1150, 500,350, 500,300, 500,1150, 500,1150, 500,300, 550,1150, 500,300, 500,350, 500,1150, 500,1150, 500,350, 500,1150, 500,1150, 500,250, 600,250, 550,1150, 500,300, 500,300, 550,1150, 500,300, 500,350, 500,300, 500,350, 500,250, 550,300, 550,350, 500,250, 550,300, 550,250, 550,350, 500,300, 500,300, 550,300, 500,350, 500,300, 500,350, 500,1150, 500,250, 550,350, 500,1150, 500,300, 500,350, 500,1150, 500,300, 500,350, 500,300, 500,350, 500,300, 550,300, 500,300, 550,1100, 550,300, 500,1150, 500,350, 500,300, 500,350, 500,300, 500,350, 500,300, 500,350, 500,300, 500,1150, 500,1150, 500,1150, 500,350, 500,300, 550,300, 500,300, 550,300, 500,350, 500,300, 500,350, 500,300, 500,350, 450,350, 500,350, 500,300, 500,350, 450,350, 500,350, 500,300, 500,350, 450,350, 500,350, 450,350, 500,350, 500,300, 500,350, 500,300, 500,350, 500,300, 500,350, 500,350, 450,350, 500,350, 450,350, 500,350, 450,350, 500,1150, 500,1150, 500,1150, 500,350, 450,1200, 450,1200, 500,1150, 500,300, 500};  // PANASONIC C4D3:64800024
(22도)
unsigned int  rawData[227] = {3100,1600, 450,1150, 500,1150, 500,300, 550,300, 500,350, 500,1150, 500,300, 500,350, 500,1150, 500,1150, 500,300, 500,1200, 450,350, 500,300, 500,1200, 450,1200, 500,300, 500,1200, 450,1200, 450,350, 500,300, 500,1200, 450,350, 500,350, 450,1200, 450,300, 550,300, 500,350, 500,300, 500,350, 500,300, 550,250, 550,300, 550,350, 450,350, 500,300, 500,350, 500,300, 500,350, 500,300, 500,350, 500,300, 500,1200, 450,350, 500,300, 500,1200, 450,300, 550,300, 500,1200, 450,300, 550,350, 450,350, 500,350, 500,300, 500,350, 500,350, 450,400, 450,350, 450,1150, 500,400, 450,350, 450,350, 500,350, 450,350, 500,350, 450,350, 500,350, 450,1150, 500,1150, 500,1150, 500,350, 500,350, 450,350, 500,350, 450,350, 500,350, 450,400, 400,400, 450,400, 400,400, 400,450, 450,350, 500,350, 400,400, 400,450, 450,350, 400,450, 400,400, 400,450, 400,400, 400,450, 400,400, 450,400, 400,400, 450,400, 400,450, 400,350, 450,450, 400,400, 400,450, 400,350, 450,450, 400,400, 400,400, 450,350, 450,1200, 450,1200, 450,450, 400,1200, 450,1200, 450,1200, 450,400, 450};  // PANASONIC C4D3:64800024
(23도)
unsigned int  rawData[227] = {3100,1550, 550,1100, 550,1100, 550,300, 500,300, 550,300, 500,1150, 500,350, 500,300, 500,1150, 500,1150, 500,350, 500,1150, 500,300, 550,300, 500,1150, 550,1100, 500,300, 550,1150, 500,1150, 500,300, 550,300, 500,1150, 550,200, 600,250, 550,1150, 500,350, 500,300, 500,350, 500,300, 500,350, 500,250, 550,350, 500,300, 550,300, 500,300, 550,300, 500,300, 550,300, 500,300, 550,300, 500,350, 500,250, 550,1150, 500,350, 500,300, 550,1100, 550,300, 500,300, 550,1100, 550,300, 500,300, 550,300, 500,350, 500,300, 500,350, 500,300, 500,1150, 500,1150, 550,300, 500,300, 550,300, 500,300, 550,300, 500,300, 550,300, 500,300, 550,300, 500,300, 550,300, 500,350, 500,300, 500,350, 500,300, 550,300, 500,300, 550,250, 550,300, 550,300, 500,350, 500,300, 500,350, 500,300, 500,350, 500,300, 500,350, 500,300, 500,350, 500,300, 550,300, 500,300, 550,300, 500,300, 550,300, 500,300, 550,300, 500,300, 550,300, 500,300, 550,300, 500,350, 500,300, 550,300, 500,300, 550,300, 500,1150, 500,300, 550,1100, 550,1150, 500,1150, 500,1150, 500,300, 550,250, 550};  // PANASONIC C4D3:64800024

